id,EAP,HPL,MWS
id02310,0.361687818651,0.181088792105,0.457223389245
id24541,0.700148534729,0.201234779038,0.0986166862335
id00134,0.244891607786,0.606880003762,0.148228388452
id27757,0.485551404094,0.260850687794,0.253597908112
id04081,0.494221363404,0.225831227957,0.27994740864
id27337,0.570232070011,0.262066429102,0.167701500887
id24265,0.663173600592,0.229240249512,0.107586149896
id25917,0.253764205556,0.425243878639,0.320991915805
id04951,0.807669693142,0.122266041068,0.0700642657898
id14549,0.668235628287,0.116796764703,0.214967607009
id22505,0.161135476478,0.332905826364,0.505958697159
id24002,0.0660410623412,0.838862705302,0.095096232357
id18982,0.149929759396,0.408738178317,0.441332062288
id15181,0.182599894128,0.718572260775,0.098827845097
id21888,0.52871852967,0.182393033402,0.288888436928
id12035,0.103543261595,0.0898826651172,0.806574073287
id17991,0.454757501187,0.166485209007,0.378757289806
id10707,0.943083308577,0.0365237555501,0.0203929358731
id07101,0.444728231262,0.255133472339,0.300138296399
id00345,0.480285396038,0.392285658658,0.127428945305
id05912,0.68472329804,0.186852801418,0.128423900542
id13443,0.528447653397,0.1781477322,0.293404614403
id09248,0.267989847089,0.233579272216,0.498430880694
id17542,0.328622303827,0.518445373536,0.152932322636
id06995,0.189187798111,0.252877880973,0.557934320917
id25159,0.399977928061,0.116094575195,0.483927496744
id25729,0.45895783368,0.313034207533,0.228007958788
id26949,0.556366725688,0.273893984443,0.169739289868
id27191,0.219035749995,0.183115572141,0.597848677864
id07668,0.295727741157,0.147919475757,0.556352783087
id02230,0.303202208248,0.322719150834,0.374078640918
id15553,0.819930531347,0.0838718790438,0.0961975896091
id25688,0.0983804526346,0.711420119583,0.190199427782
id17545,0.555036558325,0.300893262707,0.144070178968
id13929,0.403244657674,0.330088547672,0.266666794654
id12880,0.36891117095,0.319687231627,0.311401597423
id19282,0.51308391206,0.333537772228,0.153378315712
id14690,0.0425707865698,0.0883600402114,0.869069173219
id17975,0.237142471662,0.628369796406,0.134487731932
id08037,0.645741298163,0.110162505658,0.244096196179
id15412,0.282850359884,0.137682407275,0.579467232841
id25032,0.397279232878,0.22286669485,0.379854072272
id27165,0.827457699731,0.0871204588193,0.0854218414497
id03327,0.538175832408,0.259846420787,0.201977746805
id18515,0.560994776699,0.212130990183,0.226874233118
id21003,0.401422414554,0.207631856273,0.390945729173
id23855,0.0873352913233,0.712811301138,0.199853407539
id20724,0.42328432303,0.294707788402,0.282007888567
id13303,0.481887366311,0.250130849406,0.267981784284
id16521,0.116974644426,0.287547584642,0.595477770933
id20775,0.728099510709,0.128571296122,0.143329193169
id13029,0.709843634087,0.154358478888,0.135797887025
id14660,0.564738416401,0.31969587214,0.115565711459
id11028,0.0998406884859,0.0654628235173,0.834696487997
id14180,0.669443633275,0.192966648182,0.137589718542
id25860,0.859526887487,0.0805453874474,0.059927725066
id11910,0.341878735501,0.268379379093,0.389741885406
id08065,0.211464522438,0.129094303315,0.659441174248
id22674,0.179191560158,0.162090624185,0.658717815657
id25018,0.459172357734,0.113712499348,0.427115142917
id10892,0.337457330585,0.510876411066,0.151666258349
id10217,0.440611838925,0.417495013972,0.141893147102
id12996,0.291340835011,0.245221109771,0.463438055218
id18262,0.512112134202,0.170198552958,0.317689312839
id08606,0.158824774857,0.710489513683,0.13068571146
id17233,0.588516924436,0.155090064126,0.256393011438
id00101,0.465018560531,0.290186077093,0.244795362376
id12225,0.505604189084,0.27046905291,0.223926758006
id01364,0.252799598943,0.588863895613,0.158336505444
id24973,0.503332005203,0.186863557395,0.309804437403
id25363,0.473161993674,0.173035813261,0.353802193065
id10061,0.411368672718,0.180072181161,0.408559146121
id17673,0.349200900536,0.347761824208,0.303037275257
id13249,0.362104002467,0.184305321854,0.45359067568
id10107,0.187043450469,0.122972316235,0.689984233296
id04403,0.706591438453,0.157234613387,0.136173948159
id25728,0.720957784422,0.147984793815,0.131057421763
id16184,0.207408350172,0.289513121521,0.503078528307
id03438,0.186509471606,0.091356544641,0.722133983753
id22923,0.124507892772,0.757037436332,0.118454670896
id08610,0.785778396474,0.102443577518,0.111778026008
id25355,0.256249319013,0.252934067355,0.490816613632
id16916,0.527625676201,0.30134736986,0.171026953939
id12793,0.277126042206,0.531773459194,0.1911004986
id11859,0.547311871414,0.125062770781,0.327625357805
id02434,0.856417049793,0.0815914606558,0.061991489551
id27703,0.151526663702,0.164341665786,0.684131670512
id25212,0.221421618796,0.60248182179,0.176096559414
id11308,0.251453121587,0.281341835571,0.467205042842
id26094,0.634315159485,0.22020947996,0.145475360555
id22080,0.537796841098,0.375698792964,0.0865043659386
id03545,0.514264678346,0.34175145133,0.143983870324
id23725,0.17095561146,0.247826958232,0.581217430308
id12009,0.674598316761,0.163708022548,0.161693660691
id24241,0.385230145769,0.336647566691,0.27812228754
id03596,0.21589781136,0.670264105999,0.113838082641
id10749,0.281961409779,0.453909261512,0.264129328709
id22794,0.0896544886997,0.197738896536,0.712606614764
id15482,0.254855760428,0.329430063838,0.415714175734
id04833,0.469107035617,0.290987076995,0.239905887388
id00397,0.275396459117,0.0831039088198,0.641499632063
id14691,0.373021537912,0.170165785512,0.456812676575
id05193,0.307737602436,0.113667383621,0.578595013943
id19541,0.585517152698,0.226866347399,0.187616499903
id22166,0.0809246143053,0.12039661632,0.798678769375
id20744,0.162199523342,0.149946761523,0.687853715135
id10392,0.0656214233323,0.0932855114657,0.841093065202
id00770,0.700780103332,0.135565710335,0.163654186333
id06018,0.289279497682,0.586199466893,0.124521035424
id15678,0.359745123893,0.231893659317,0.40836121679
id08305,0.631847577414,0.23471731199,0.133435110596
id08903,0.386476468039,0.160807732496,0.452715799464
id14752,0.539071103471,0.324802162815,0.136126733714
id12468,0.364899890778,0.540976668308,0.0941234409147
id05085,0.525524854303,0.263963863138,0.210511282559
id21993,0.303875510199,0.139845381658,0.556279108143
id15503,0.575689229848,0.26692809384,0.157382676313
id03021,0.0662240849613,0.766112680659,0.167663234379
id16123,0.789579706263,0.114283270107,0.09613702363
id19383,0.776106988277,0.131347966807,0.0925450449153
id04186,0.849841374462,0.0481719272554,0.101986698282
id17954,0.0773924346274,0.10865118457,0.813956380802
id12030,0.341706396134,0.101062265004,0.557231338862
id13020,0.573593703838,0.304407235864,0.121999060298
id25327,0.192614730624,0.615997864395,0.191387404981
id16344,0.173572630334,0.230475394139,0.595951975527
id12303,0.463195638349,0.403428282372,0.133376079278
id15017,0.691778943758,0.188400104637,0.119820951605
id22308,0.221350740967,0.157777638836,0.620871620197
id06536,0.179605943455,0.355060670323,0.465333386221
id19797,0.166165557328,0.677408576505,0.156425866167
id06332,0.349293219074,0.34841072209,0.302296058837
id22941,0.183603233729,0.437901624356,0.378495141914
id13547,0.102799672405,0.310601313687,0.586599013909
id06928,0.15112701723,0.088411481788,0.760461500982
id12521,0.43971665769,0.293758067111,0.266525275199
id25716,0.585542384252,0.101557922817,0.312899692931
id27116,0.0374699656057,0.0375168013257,0.925013233069
id19941,0.398125113668,0.460237638641,0.141637247691
id05711,0.0631691980395,0.105505734866,0.831325067095
id02097,0.0887019998433,0.268681206615,0.642616793542
id03563,0.11268045654,0.759785182928,0.127534360531
id02295,0.293256583812,0.477344487112,0.229398929076
id08179,0.839083609964,0.0835686141422,0.077347775894
id05332,0.23084553834,0.616096247354,0.153058214306
id15697,0.370980720667,0.210660184804,0.418359094529
id17026,0.433388089235,0.247692976217,0.318918934548
id04243,0.563760689929,0.238252276019,0.197987034052
id13175,0.729219027104,0.142674609938,0.128106362958
id05387,0.54394057111,0.165445626408,0.290613802482
id19989,0.514566045171,0.247573489464,0.237860465365
id25173,0.191710078276,0.169831428281,0.638458493443
id08925,0.311718808324,0.589020659741,0.0992605319354
id03034,0.158838301307,0.612138295886,0.229023402807
id13272,0.0980502891753,0.760941054121,0.141008656704
id07956,0.645810038914,0.162831574599,0.191358386487
id02648,0.209547801748,0.221239235117,0.569212963134
id01778,0.324675967055,0.119266004326,0.556058028619
id12846,0.090237756068,0.0755854103188,0.834176833613
id19001,0.455322350546,0.139263380479,0.405414268975
id05763,0.621531833635,0.12661875586,0.251849410505
id15590,0.132767405446,0.119745044475,0.747487550078
id04912,0.452747415629,0.289171039415,0.258081544956
id21201,0.596192187131,0.213632421693,0.190175391176
id13215,0.887588888224,0.0295460960443,0.0828650157318
id15612,0.144991550823,0.746867695215,0.108140753962
id18501,0.311795700729,0.169194799974,0.519009499297
id07223,0.392036788198,0.377948490273,0.230014721529
id06707,0.276277254329,0.389092970061,0.33462977561
id05238,0.0811007550002,0.861347162479,0.0575520825206
id00935,0.184073082983,0.348329801072,0.467597115945
id00110,0.326005764518,0.351200588991,0.322793646491
id17476,0.748224448053,0.175416657381,0.0763588945661
id15170,0.695525474541,0.177297342446,0.127177183013
id13397,0.383159140669,0.267758218318,0.349082641013
id24283,0.447339973554,0.430097799096,0.12256222735
id15234,0.763041542114,0.155972491826,0.0809859660606
id16884,0.34017469597,0.41050422719,0.24932107684
id07831,0.235427590255,0.461058318945,0.3035140908
id16038,0.696606471633,0.210666663091,0.0927268652765
id03629,0.582207842178,0.255569551261,0.162222606562
id21019,0.605942385614,0.254733446621,0.139324167765
id21835,0.320427236891,0.349704087689,0.32986867542
id04480,0.154525059421,0.765986951922,0.0794879886566
id20838,0.499212276732,0.303624017647,0.197163705621
id24195,0.397207324595,0.308269639607,0.294523035798
id05448,0.528025257971,0.313918115871,0.158056626158
id15957,0.136392836543,0.77505248881,0.0885546746471
id19956,0.137111797979,0.102961065242,0.759927136779
id15104,0.178451163033,0.236154159506,0.585394677462
id17559,0.519270842574,0.256367272647,0.224361884778
id16839,0.341568342049,0.286239389078,0.372192268874
id14493,0.345279120126,0.198778192429,0.455942687445
id08833,0.620276993899,0.0928278973537,0.286895108747
id15723,0.230069897758,0.175180237799,0.594749864444
id02716,0.820980751711,0.0993686987606,0.0796505495284
id06689,0.257749590879,0.572185958725,0.170064450396
id18837,0.285515327736,0.16983521289,0.544649459374
id04466,0.559215781859,0.294089876461,0.14669434168
id00686,0.651763243732,0.166452121548,0.18178463472
id09010,0.323553533999,0.542924387666,0.133522078335
id23353,0.812551906689,0.073758308385,0.113689784926
id00066,0.55637236828,0.320379672926,0.123247958795
id15724,0.318558185402,0.532574336291,0.148867478307
id23486,0.336979294147,0.113550379409,0.549470326444
id22258,0.128410648064,0.136864545155,0.734724806781
id02292,0.377539379426,0.279013667849,0.343446952725
id16356,0.3781255105,0.173979411514,0.447895077986
id00235,0.3976744558,0.269670907067,0.332654637133
id25522,0.249323647765,0.235301994643,0.515374357592
id04204,0.249010656325,0.619894662287,0.131094681387
id22016,0.406901163206,0.224011624183,0.369087212611
id06480,0.169469758124,0.651147928452,0.179382313424
id08718,0.278702503523,0.098350688555,0.622946807922
id05251,0.159430524239,0.667631598074,0.172937877687
id03359,0.31874626195,0.351603585005,0.329650153045
id16117,0.32690979522,0.116218357819,0.556871846961
id17000,0.149350582461,0.710292448241,0.140356969298
id01730,0.252967522658,0.598313836213,0.148718641129
id00630,0.65730035726,0.234601406947,0.108098235794
id18175,0.2954576774,0.232039139745,0.472503182855
id00907,0.597618066938,0.130694943134,0.271686989928
id18251,0.13387665878,0.777842989719,0.0882803515012
id25861,0.460189194311,0.280580826042,0.259229979647
id00398,0.491025228244,0.340487342124,0.168487429632
id27573,0.721766085272,0.0770862108402,0.201147703888
id10022,0.147446972261,0.63856344995,0.213989577789
id15901,0.393713208001,0.166182406555,0.440104385444
id00451,0.197723464063,0.198859521134,0.603417014803
id23129,0.319036015771,0.512769989926,0.168193994303
id26498,0.452126886971,0.301717197014,0.246155916015
id14741,0.352677993346,0.350513571917,0.296808434737
id18453,0.432987683462,0.172864897393,0.394147419145
id08309,0.54499470054,0.340665763112,0.114339536348
id00320,0.762786728812,0.124987489349,0.11222578184
id07688,0.326813137313,0.204076937145,0.469109925542
id01556,0.155886681442,0.0712969451776,0.77281637338
id00178,0.379115744054,0.227414082584,0.393470173362
id18902,0.138931608333,0.301234442457,0.55983394921
id27002,0.436597022643,0.420821835081,0.142581142276
id21418,0.755024963418,0.115099339005,0.129875697577
id23018,0.37722177576,0.355741064289,0.267037159951
id07032,0.297418728844,0.342768700492,0.359812570664
id16195,0.514317632167,0.197141244287,0.288541123546
id11202,0.250979109228,0.547745325746,0.201275565026
id09578,0.510320103064,0.213982698746,0.27569719819
id26984,0.513359791881,0.0903664025794,0.396273805539
id19856,0.165779892274,0.733403327749,0.100816779977
id12086,0.583598387064,0.139824800688,0.276576812248
id12052,0.109050950665,0.0762951187635,0.814653930571
id17728,0.206889594782,0.182008689076,0.611101716142
id24608,0.419219685344,0.237934823815,0.342845490841
id21097,0.304676748493,0.285645887091,0.409677364416
id20179,0.138484791323,0.17305005215,0.688465156527
id15144,0.53367407796,0.282319738329,0.184006183711
id00206,0.753825780326,0.127745512615,0.118428707059
id22285,0.202779782764,0.120816925578,0.676403291658
id06417,0.236652091791,0.543000522316,0.220347385893
id00215,0.148891074909,0.768154727525,0.0829541975656
id04201,0.399011948822,0.236705289446,0.364282761732
id21771,0.615556005366,0.281064833126,0.103379161508
id12451,0.217152739317,0.366753462196,0.416093798487
id14250,0.111422445772,0.540199666827,0.348377887401
id03433,0.308784403283,0.436669035621,0.254546561096
id03303,0.289805723864,0.141001182521,0.569193093615
id25901,0.410460948514,0.327207210215,0.262331841272
id06945,0.562938068172,0.196998368515,0.240063563314
id05664,0.460772802098,0.338616608313,0.20061058959
id05741,0.814184192344,0.117753821615,0.068061986041
id10652,0.64634544327,0.17528097477,0.17837358196
id16300,0.646378014656,0.189524469812,0.164097515531
id12319,0.410442634766,0.312106170045,0.277451195189
id07500,0.134033384461,0.786839690925,0.0791269246135
id12478,0.3094562345,0.32776716222,0.36277660328
id03076,0.268194470465,0.0970707615693,0.634734767966
id00969,0.334074636273,0.44338938713,0.222535976597
id23636,0.112245477681,0.790713973007,0.0970405493115
id09791,0.218409300056,0.362602650906,0.418988049038
id05680,0.216989452534,0.533635226238,0.249375321228
id03672,0.264374022049,0.44764872107,0.287977256881
id04286,0.163608704533,0.608952503243,0.227438792224
id23883,0.190952243488,0.350946454267,0.458101302245
id11914,0.255784096037,0.252331150079,0.491884753884
id20974,0.177942656402,0.658843433842,0.163213909756
id26125,0.398500538771,0.260797011223,0.340702450006
id15543,0.299106674763,0.200118677453,0.500774647784
id19471,0.657869385045,0.124203433104,0.217927181851
id11503,0.618201691807,0.218311384547,0.163486923647
id09321,0.102939080945,0.641619845832,0.255441073223
id25560,0.0510154554343,0.146075268835,0.802909275731
id06726,0.311491707979,0.271997729051,0.41651056297
id05709,0.689593850787,0.0783082303598,0.232097918853
id09788,0.255446442701,0.472587577504,0.271965979795
id05289,0.729004967478,0.189360120341,0.0816349121809
id11815,0.095486662296,0.838828586296,0.0656847514083
id22422,0.393414076491,0.295227566135,0.311358357374
id25954,0.534319288132,0.16547530459,0.300205407278
id13601,0.398958986383,0.352487422939,0.248553590678
id05677,0.673894074877,0.176829263275,0.149276661848
id10498,0.258639909259,0.615941502976,0.125418587765
id02665,0.311556770833,0.487637864682,0.200805364486
id10114,0.218356331479,0.513757753028,0.267885915493
id26314,0.679911153077,0.175755081478,0.144333765445
id21240,0.333880663624,0.352336956654,0.313782379722
id15569,0.687779237731,0.191699347495,0.120521414775
id25928,0.287330313537,0.263076775052,0.449592911411
id22706,0.268003526026,0.57325066501,0.158745808964
id20877,0.0556693635044,0.823698540715,0.120632095781
id04318,0.707119633072,0.164109535331,0.128770831596
id18299,0.297621502082,0.365674206638,0.33670429128
id08126,0.184186124783,0.116007829034,0.699806046183
id14293,0.461503625422,0.126505928364,0.411990446215
id12759,0.621324996135,0.13545068355,0.243224320316
id11983,0.416061435807,0.264015746217,0.319922817976
id05580,0.330656281254,0.413759851502,0.255583867244
id25846,0.380158033366,0.408036809881,0.211805156753
id01939,0.418668708533,0.189707278218,0.391624013249
id26327,0.182425861905,0.345583419232,0.471990718863
id11068,0.127578135282,0.0562629777882,0.816158886929
id08404,0.565702245408,0.216243227623,0.218054526969
id27189,0.393214936615,0.477243401761,0.129541661624
id15119,0.209219560678,0.517526791068,0.273253648254
id26525,0.792157385536,0.0671537833411,0.140688831123
id03618,0.444361645838,0.329791636033,0.225846718129
id27220,0.649283136544,0.167505948958,0.183210914498
id18777,0.103778690984,0.0838414237397,0.812379885277
id20213,0.731704220376,0.144951152215,0.123344627409
id20403,0.604654384037,0.256767595053,0.13857802091
id03777,0.341850893735,0.201569339001,0.456579767264
id10595,0.390809128878,0.382183044474,0.227007826648
id13816,0.510448614577,0.1522284992,0.337322886223
id05667,0.113870690773,0.0853400387166,0.80078927051
id24629,0.601005683808,0.195322371602,0.20367194459
id20398,0.264379374578,0.216220000116,0.519400625305
id14108,0.149472814298,0.102084390475,0.748442795228
id06196,0.1091393895,0.76417983558,0.12668077492
id02800,0.166724888966,0.568672944936,0.264602166098
id18732,0.160173243913,0.710836171529,0.128990584558
id11915,0.0988804875271,0.725088983421,0.176030529051
id09739,0.473773619647,0.314064460032,0.212161920321
id24672,0.613483080721,0.172329711217,0.214187208061
id00414,0.0727775738236,0.184747927663,0.742474498513
id16307,0.538140086565,0.287147964367,0.174711949068
id14043,0.239224126151,0.149734320612,0.611041553236
id00517,0.0162644855246,0.0747321080498,0.909003406426
id09744,0.480422299701,0.336278805282,0.183298895017
id19257,0.578553406121,0.229710924066,0.191735669812
id15437,0.544774908297,0.308082285611,0.147142806092
id16352,0.198279665753,0.153262066386,0.648458267862
id18849,0.495609322032,0.164609012545,0.339781665423
id19434,0.130773436685,0.771094867166,0.0981316961486
id17928,0.280550786466,0.187603910844,0.53184530269
id16896,0.26776209631,0.13438215542,0.59785574827
id02135,0.280949460335,0.440796867232,0.278253672433
id15075,0.625423278219,0.172381901997,0.202194819785
id27486,0.208535226097,0.623600653685,0.167864120218
id19422,0.677264713201,0.178799970549,0.143935316249
id09603,0.265646990106,0.495250798158,0.239102211736
id02133,0.326976457449,0.413614046789,0.259409495762
id03441,0.477965208509,0.0856428529828,0.436391938508
id02398,0.197756192408,0.677842049357,0.124401758235
id05152,0.143290861229,0.134004543822,0.722704594949
id17838,0.58766664247,0.146871827642,0.265461529889
id25060,0.428286689756,0.374951947169,0.196761363076
id09998,0.280283433712,0.263309265716,0.456407300572
id01828,0.135273465504,0.563236277948,0.301490256547
id25377,0.468034858124,0.23949727525,0.292467866626
id22175,0.219027677013,0.657194788816,0.123777534171
id02974,0.155726649417,0.116511612047,0.727761738536
id26955,0.840843645108,0.120638970028,0.038517384864
id21091,0.517484341658,0.248658558657,0.233857099686
id12802,0.686156078545,0.165396184923,0.148447736531
id07432,0.110214140536,0.738028364895,0.15175749457
id18749,0.206793350658,0.517467751282,0.27573889806
id15030,0.107386473952,0.233310233708,0.65930329234
id17155,0.235176182011,0.545673210836,0.219150607153
id08128,0.125660674455,0.644596307515,0.22974301803
id25706,0.0981396289941,0.599828974804,0.302031396202
id15645,0.747114954701,0.168075191483,0.0848098538154
id04943,0.559169554595,0.270605629991,0.170224815415
id27566,0.241464142778,0.123411883375,0.635123973847
id11765,0.329612278028,0.205650160829,0.464737561143
id13783,0.450535425317,0.39864513979,0.150819434892
id00492,0.175730000818,0.198497499651,0.625772499531
id27636,0.240744006203,0.315904403583,0.443351590214
id04273,0.580168037517,0.262394472452,0.157437490031
id02537,0.312170505817,0.317868915973,0.36996057821
id24349,0.428064767376,0.44189671638,0.130038516244
id00023,0.0586698233262,0.795813095836,0.145517080838
id23025,0.383627326849,0.477460409103,0.138912264048
id08722,0.657938697054,0.160907295535,0.181154007412
id02420,0.714442541181,0.193313729918,0.0922437289014
id10811,0.640138227252,0.12864801421,0.231213758538
id04019,0.190223095281,0.125564236874,0.684212667845
id18334,0.786967597112,0.120356543985,0.0926758589028
id16781,0.365727123812,0.414614853809,0.219658022379
id08773,0.54904997845,0.288493686733,0.162456334817
id19214,0.495028746953,0.205081723955,0.299889529092
id09589,0.120966820583,0.550937466805,0.328095712612
id24246,0.619804735456,0.20896997603,0.171225288515
id23577,0.726313085143,0.197262664217,0.07642425064
id09305,0.653662382382,0.154768772098,0.19156884552
id16460,0.524429273915,0.253196030486,0.222374695599
id21115,0.526235900155,0.278488621829,0.195275478016
id25996,0.28987450551,0.313474799124,0.396650695365
id02551,0.18068213953,0.17887871394,0.64043914653
id19352,0.115229193555,0.11034975469,0.774421051754
id03806,0.337306242234,0.113917370981,0.548776386785
id26544,0.726971132399,0.115892613113,0.157136254488
id18761,0.626981287121,0.162447292108,0.210571420771
id24148,0.255262188377,0.622250037031,0.122487774592
id16095,0.170670594851,0.566200471795,0.263128933354
id18442,0.506572929603,0.194564565669,0.298862504728
id22596,0.0491618092635,0.0593904019584,0.891447788778
id23002,0.202125320199,0.185537511236,0.612337168565
id04797,0.712516076377,0.14705334776,0.140430575863
id06610,0.227472626276,0.109167648985,0.66335972474
id16173,0.360593520225,0.405852402004,0.233554077771
id18292,0.190313998155,0.342916962138,0.466769039707
id27328,0.773292851393,0.10474564158,0.121961507027
id01695,0.252313355893,0.544514369757,0.20317227435
id05761,0.471389732174,0.204349582825,0.324260685001
id16354,0.737939089346,0.103803099669,0.158257810985
id12207,0.226255135079,0.38134134729,0.39240351763
id05665,0.264354723744,0.110043415937,0.62560186032
id01911,0.661113024211,0.170446769153,0.168440206636
id19153,0.180947549757,0.138698447338,0.680354002905
id10295,0.357076557865,0.217296225546,0.425627216589
id23038,0.404683738505,0.443471071614,0.151845189881
id23783,0.406891624677,0.486734941289,0.106373434035
id27879,0.488866378583,0.430948094404,0.0801855270129
id19190,0.27172847676,0.636727333031,0.0915441902085
id05065,0.527531674428,0.210583427133,0.261884898439
id21296,0.305655483836,0.474460386083,0.219884130081
id13262,0.259633062684,0.323585707214,0.416781230102
id10333,0.723259232954,0.128076697571,0.148664069476
id16677,0.42795292301,0.312750702385,0.259296374605
id01392,0.333200154136,0.220532012931,0.446267832933
id27874,0.756768820221,0.140277364884,0.102953814895
id02294,0.0797424653663,0.665910826442,0.254346708192
id18298,0.145497678277,0.193087799511,0.661414522212
id06997,0.604471774694,0.150394366773,0.245133858534
id05243,0.425835473432,0.255651497377,0.318513029191
id00860,0.140268631964,0.537181378533,0.322549989504
id26681,0.584144649866,0.308878350466,0.106976999668
id06020,0.132609464481,0.0711526653671,0.796237870152
id27683,0.500387729054,0.224569256602,0.275043014344
id17655,0.159935948982,0.734080882913,0.105983168105
id08817,0.214656639546,0.169789925566,0.615553434888
id11512,0.104934163145,0.357158766681,0.537907070174
id00478,0.339651340082,0.232972661661,0.427375998256
id02116,0.730261561125,0.1543283534,0.115410085475
id06746,0.555262909974,0.261245358249,0.183491731777
id03863,0.289849772782,0.495276293858,0.21487393336
id01802,0.359681127024,0.252879964205,0.387438908771
id11682,0.663177303985,0.116251124921,0.220571571094
id04033,0.168231028581,0.692730314794,0.139038656625
id09286,0.200075525,0.460293598853,0.339630876146
id12904,0.53930599492,0.231584382698,0.229109622382
id07420,0.122509651461,0.135966416381,0.741523932158
id22398,0.0643374429144,0.844543767064,0.0911187900215
id00424,0.279818697161,0.103321982328,0.616859320511
id20960,0.633749893777,0.141086497771,0.225163608451
id10267,0.602711385208,0.173696075476,0.223592539316
id19330,0.394481776956,0.211522148304,0.393996074741
id00994,0.116729539231,0.676466133884,0.206804326885
id10785,0.369987780407,0.390734111098,0.239278108495
id00955,0.143453452097,0.691692532754,0.164854015149
id09757,0.0856067770111,0.795155940299,0.11923728269
id10030,0.223461098716,0.243248366653,0.533290534632
id22952,0.200236689246,0.255755145214,0.54400816554
id21955,0.0898352023654,0.17454082742,0.735623970215
id07674,0.371914411208,0.243049867549,0.385035721243
id13760,0.431297155568,0.424472767676,0.144230076756
id18166,0.614551147284,0.137610715539,0.247838137178
id23498,0.521377609153,0.306088902299,0.172533488548
id05296,0.814074827169,0.0797109774088,0.106214195422
id26709,0.488090893361,0.220779362167,0.291129744472
id02853,0.779738332014,0.151546277183,0.0687153908031
id06800,0.39244146628,0.343974034601,0.263584499119
id14758,0.452765336063,0.375344685841,0.171889978097
id12356,0.778706520041,0.116303170882,0.104990309077
id21492,0.616962601178,0.201663803093,0.181373595729
id27540,0.392106864201,0.259993964013,0.347899171786
id07376,0.172023140311,0.483970770206,0.344006089483
id15201,0.573374977043,0.275633125083,0.150991897874
id23388,0.134565533466,0.689297389378,0.176137077156
id13923,0.203394809684,0.589844758934,0.206760431382
id00794,0.106898898725,0.76167085889,0.131430242385
id23910,0.283496766732,0.182911240981,0.533591992288
id02556,0.0926161639754,0.141572984836,0.765810851188
id22151,0.114183437731,0.783208879688,0.102607682581
id11698,0.333312979266,0.410088334948,0.256598685785
id11627,0.38592730104,0.240218892069,0.373853806891
id06340,0.632365843752,0.186950562184,0.180683594064
id05123,0.8149058226,0.0773958515711,0.107698325829
id26620,0.141015901798,0.108637151501,0.750346946701
id04002,0.258634820474,0.276885603849,0.464479575677
id26554,0.205947153011,0.379273497623,0.414779349366
id18012,0.339224042002,0.276719338452,0.384056619546
id12964,0.181935412426,0.194347075895,0.62371751168
id18965,0.12288765751,0.33562529775,0.54148704474
id19082,0.316374827712,0.197163319647,0.486461852641
id26742,0.195145793779,0.0872501842213,0.717604021999
id15442,0.445937232359,0.379426277122,0.174636490519
id16647,0.537527794206,0.103317502435,0.359154703359
id11544,0.407902262569,0.171353696066,0.420744041366
id20581,0.278544660309,0.286675373609,0.434779966081
id13192,0.319103090001,0.440488397879,0.24040851212
id15814,0.309814599186,0.339683160211,0.350502240603
id26279,0.399077218067,0.450525312475,0.150397469458
id00240,0.729371030803,0.130509185285,0.140119783911
id22836,0.614989858949,0.178972959069,0.206037181982
id15085,0.192896819723,0.601819729427,0.205283450849
id17495,0.627483859021,0.131703019035,0.240813121944
id26762,0.491931258087,0.228335570497,0.279733171416
id13685,0.81486510454,0.0484279733442,0.136706922116
id16560,0.224184973401,0.674406835749,0.10140819085
id17184,0.0959604327448,0.771452957122,0.132586610133
id21635,0.851560711058,0.0600968862878,0.0883424026542
id26751,0.248318122382,0.549358684314,0.202323193304
id12351,0.614496314744,0.186965220096,0.19853846516
id14872,0.431328331079,0.419250026651,0.149421642269
id18372,0.647961365479,0.1372888999,0.214749734621
id26851,0.501061856963,0.19624303336,0.302695109677
id22659,0.535382934523,0.394955580182,0.069661485295
id04102,0.184668334283,0.091567199151,0.723764466566
id02353,0.169441827546,0.685446475164,0.14511169729
id26721,0.769333235019,0.111770372076,0.118896392905
id11171,0.503024985417,0.194794600634,0.302180413949
id13562,0.233901771195,0.587748839886,0.178349388919
id26425,0.591562007677,0.178978999608,0.229458992715
id26394,0.371736809038,0.366573958906,0.261689232056
id22187,0.441200081585,0.343076992937,0.215722925478
id00422,0.866582984047,0.064670690168,0.0687463257846
id22667,0.0814836784385,0.842518485973,0.0759978355886
id00911,0.357823063595,0.215522963335,0.42665397307
id17291,0.479737293374,0.157636416635,0.362626289991
id01915,0.284426399682,0.263874613982,0.451698986335
id01434,0.246904753269,0.195677388446,0.557417858285
id01584,0.433030419405,0.286601107241,0.280368473353
id09266,0.620374344382,0.148837243106,0.230788412512
id17494,0.157490170932,0.662137191292,0.180372637777
id24919,0.322323653173,0.322580043243,0.355096303584
id21043,0.206661826129,0.0438069635887,0.749531210282
id17796,0.293188380595,0.599036747244,0.107774872161
id02166,0.391679730798,0.150045438202,0.458274831
id17503,0.660697021675,0.154196519718,0.185106458607
id21203,0.524190532157,0.220654600933,0.25515486691
id25626,0.72392214101,0.165350270521,0.110727588469
id09836,0.853657056747,0.0865830953147,0.0597598479384
id24202,0.16075181904,0.356576890759,0.482671290202
id27260,0.500375950181,0.150141344767,0.349482705052
id23167,0.142268170054,0.111057814417,0.746674015529
id10393,0.128342605473,0.781337332869,0.090320061658
id01171,0.706399392215,0.16899050597,0.124610101815
id06380,0.756700860505,0.140324495522,0.102974643972
id22686,0.433724358762,0.126252386074,0.440023255164
id26250,0.354414137406,0.15327190337,0.492313959224
id09315,0.272059170447,0.479946740338,0.247994089215
id00886,0.272461556457,0.519171510044,0.2083669335
id03101,0.58802097113,0.237197622413,0.174781406457
id12367,0.421772466266,0.153734646606,0.424492887128
id10770,0.648993155944,0.138355133237,0.212651710819
id14949,0.281988098787,0.625624398547,0.0923875026655
id14141,0.255786075591,0.575366831584,0.168847092825
id25417,0.352251010053,0.422711013646,0.225037976301
id26873,0.610618155889,0.216904711755,0.172477132356
id10818,0.225972105462,0.183199904372,0.590827990166
id15146,0.711610197474,0.125128483551,0.163261318975
id23328,0.601941137469,0.191835991144,0.206222871387
id16765,0.410974393972,0.343492740595,0.245532865433
id24383,0.555979716736,0.0939027081209,0.350117575143
id21304,0.622382175731,0.277511427486,0.100106396783
id12551,0.222612827097,0.597425178718,0.179961994186
id23274,0.230719342695,0.308857845607,0.460422811698
id08117,0.666243152887,0.191504565924,0.142252281189
id23961,0.628510965401,0.156678150172,0.214810884427
id13865,0.157887016136,0.73807566534,0.104037318524
id22807,0.31139175966,0.250429597103,0.438178643236
id08951,0.252756743692,0.168498518411,0.578744737896
id18684,0.852372593321,0.0837827547951,0.0638446518836
id25179,0.400702269596,0.299901395574,0.29939633483
id27033,0.542645735663,0.242499303227,0.21485496111
id13977,0.181737917326,0.525520341304,0.292741741371
id19337,0.102052011643,0.785400704095,0.112547284263
id25764,0.188326976255,0.703817960901,0.107855062844
id16106,0.305833112487,0.262247056875,0.431919830638
id05468,0.30112192342,0.06766780079,0.63121027579
id05241,0.740166668644,0.103681549154,0.156151782202
id10215,0.500023019655,0.20612364497,0.293853335375
id23457,0.175351153126,0.357567695706,0.467081151169
id02200,0.723533618278,0.134184605566,0.142281776156
id13714,0.225098750481,0.486626625417,0.288274624102
id20332,0.0522977047391,0.0702847823143,0.877417512947
id18573,0.209739637437,0.243282980322,0.546977382242
id08569,0.597849706473,0.182749663265,0.219400630261
id22767,0.293272947212,0.403864269846,0.302862782942
id25390,0.325213386129,0.335833664344,0.338952949527
id09288,0.688964754841,0.164905144618,0.146130100541
id12381,0.679833611444,0.148087365331,0.172079023225
id02895,0.1939193409,0.317028699058,0.489051960042
id25270,0.0696495524428,0.147088175829,0.783262271728
id14248,0.264102565802,0.178469498997,0.557427935201
id12831,0.696934675645,0.0834379917775,0.219627332577
id18305,0.611973044056,0.207434528153,0.180592427791
id07805,0.662424661198,0.239734405836,0.0978409329663
id14027,0.324700403455,0.260010592594,0.415289003951
id02760,0.595942579257,0.290802820465,0.113254600278
id24362,0.898426359408,0.0547397038398,0.0468339367521
id17065,0.251189398562,0.582333225241,0.166477376196
id26583,0.136804739212,0.527274923595,0.335920337193
id19664,0.700895183833,0.15274567954,0.146359136628
id25145,0.659852034202,0.205026407588,0.13512155821
id17858,0.135615011281,0.726173286353,0.138211702366
id05148,0.293471506362,0.227394030156,0.479134463482
id22928,0.662328912605,0.20910616585,0.128564921545
id21549,0.489935876405,0.101181809258,0.408882314337
id12649,0.396653565181,0.485949805429,0.11739662939
id21597,0.757139246929,0.127072513133,0.115788239938
id27945,0.53054922066,0.230073404203,0.239377375137
id00243,0.758020724388,0.0957435325998,0.146235743012
id02745,0.546024946539,0.147864537185,0.306110516276
id23550,0.144176225699,0.181469143911,0.67435463039
id13023,0.320626031725,0.156226192985,0.52314777529
id24796,0.249045093913,0.270148666101,0.480806239986
id12284,0.343031649115,0.450981675049,0.205986675837
id02664,0.0159228895355,0.905685087617,0.0783920228472
id23767,0.52152167878,0.256020971066,0.222457350153
id05859,0.301146399445,0.368502112054,0.330351488501
id14350,0.321167159423,0.395091709171,0.283741131406
id01191,0.199792863524,0.468486216877,0.331720919599
id17034,0.617066312611,0.138791760825,0.244141926565
id25292,0.500036566049,0.236683407241,0.263280026709
id22121,0.858924735161,0.0773654959221,0.0637097689166
id20872,0.842550306411,0.10092133981,0.0565283537791
id17720,0.250223584684,0.53699052216,0.212785893155
id22658,0.422981515363,0.399278305876,0.177740178761
id09567,0.423072194998,0.324145434571,0.252782370431
id16445,0.592539569025,0.20820465159,0.199255779385
id08349,0.396745776486,0.279706238665,0.323547984849
id27437,0.215402780934,0.241991621901,0.542605597165
id03812,0.703346774876,0.189942975183,0.106710249941
id22304,0.596246985393,0.282092602257,0.12166041235
id04449,0.501045186821,0.274910162844,0.224044650335
id15605,0.402131976586,0.279555610014,0.3183124134
id01768,0.509041344533,0.165616496331,0.325342159136
id20019,0.325910279633,0.432498984954,0.241590735413
id09593,0.164804335579,0.61022273859,0.224972925831
id23179,0.443116643364,0.282124839404,0.274758517232
id21279,0.691086810802,0.13604255748,0.172870631718
id06711,0.200845974713,0.173529233867,0.62562479142
id14243,0.12034686844,0.77802858595,0.10162454561
id04839,0.0753326756923,0.271416577383,0.653250746925
id17220,0.115358303283,0.678207502181,0.206434194536
id24177,0.420627540245,0.20157244933,0.377800010425
id20512,0.254697158709,0.123983877055,0.621318964236
id14036,0.177493636342,0.715963856052,0.106542507606
id25001,0.132136722699,0.138532876185,0.729330401116
id06175,0.143956561737,0.558800518346,0.297242919917
id24720,0.36875103356,0.416165497871,0.215083468569
id08070,0.51570446845,0.339851257725,0.144444273825
id18934,0.641547770282,0.200526392751,0.157925836967
id01338,0.578429927607,0.131978562231,0.289591510162
id19008,0.127851190549,0.704360068155,0.167788741295
id19632,0.254669731072,0.464171663056,0.281158605872
id26224,0.0597734613545,0.096102200848,0.844124337797
id08219,0.558794062049,0.121179638586,0.320026299365
id24008,0.081412584955,0.105713121474,0.812874293571
id12475,0.327447264246,0.536097903223,0.136454832531
id05766,0.359755140927,0.1744859738,0.465758885273
id27386,0.200882653788,0.446900734855,0.352216611358
id12476,0.0625857539188,0.883105322188,0.0543089238936
id08311,0.358227063156,0.460119933037,0.181653003807
id04996,0.654532524124,0.247898472234,0.0975690036421
id17350,0.200439727881,0.585388980684,0.214171291436
id05546,0.195497073999,0.600668244802,0.203834681198
id16504,0.295678273195,0.483541831783,0.220779895021
id05782,0.0199999632927,0.0364094778839,0.943590558823
id20560,0.661263382765,0.122766076736,0.215970540499
id14171,0.16723864837,0.424627923117,0.408133428513
id27461,0.328896460136,0.200427324433,0.470676215431
id03581,0.202945407086,0.283602852838,0.513451740076
id21847,0.242122750315,0.240886517374,0.516990732311
id11712,0.652651770953,0.150701021875,0.196647207171
id26738,0.132111497008,0.199050814035,0.668837688957
id13668,0.757020008411,0.157263163975,0.0857168276146
id15114,0.698171611563,0.145006880911,0.156821507526
id20130,0.521895921553,0.24279006168,0.235314016768
id18331,0.419907427307,0.126545786225,0.453546786468
id24465,0.832964090699,0.0802272677713,0.0868086415299
id13539,0.305224512654,0.319186982721,0.375588504625
id27564,0.375744258177,0.402466255045,0.221789486778
id26043,0.42325658077,0.150432786981,0.426310632249
id04965,0.0277993345941,0.0389013753929,0.933299290013
id08645,0.135567334517,0.148397524804,0.71603514068
id26610,0.534859661863,0.226602271163,0.238538066974
id21737,0.385877244655,0.321219701938,0.292903053407
id25784,0.0828909003434,0.782899709885,0.134209389771
id23030,0.543442329379,0.2190087602,0.237548910421
id16450,0.127502011278,0.749138683944,0.123359304778
id02161,0.495185047888,0.13058235631,0.374232595801
id25535,0.573151978586,0.15537735153,0.271470669884
id16566,0.678054488158,0.104819946576,0.217125565267
id05714,0.736876375161,0.137296898017,0.125826726822
id16524,0.579433703534,0.237649732257,0.182916564209
id23941,0.134614848964,0.649522833516,0.21586231752
id00831,0.129318043182,0.233479723159,0.637202233659
id18145,0.383596407287,0.171131218353,0.445272374361
id17227,0.721622116021,0.109434258713,0.168943625266
id09417,0.518891716381,0.229091898984,0.252016384636
id21307,0.471430067494,0.343085206897,0.185484725609
id05650,0.205737204751,0.646359080337,0.147903714912
id23901,0.614424577166,0.219899063718,0.165676359116
id05831,0.713652019865,0.135843281195,0.15050469894
id16708,0.25886414062,0.487050753684,0.254085105696
id02281,0.169440019809,0.254461645326,0.576098334864
id11599,0.360935398252,0.23946261401,0.399601987738
id18353,0.280505920479,0.550700561883,0.168793517638
id07413,0.475625515085,0.389504201545,0.13487028337
id15653,0.130354912784,0.732661285049,0.136983802167
id09715,0.200235065122,0.0946825005809,0.705082434297
id05108,0.303154075136,0.56020995913,0.136635965733
id09537,0.384286664014,0.272859765338,0.342853570648
id27596,0.743236328931,0.154083116299,0.10268055477
id24255,0.183263092345,0.130942649677,0.685794257978
id05080,0.133553131088,0.110135736088,0.756311132823
id09484,0.56936492926,0.166753172053,0.263881898687
id14864,0.0843107930749,0.0550723697841,0.860616837141
id26836,0.693346320335,0.190805766044,0.115847913621
id07003,0.552152782055,0.202047635445,0.2457995825
id13750,0.0739449400809,0.846366810554,0.0796882493652
id21799,0.178477165286,0.374505015239,0.447017819475
id11285,0.966659524241,0.0215918363418,0.0117486394172
id04735,0.479189417316,0.279085519365,0.24172506332
id23049,0.0594284192995,0.132857562771,0.80771401793
id05826,0.441943185279,0.338411133842,0.219645680879
id17916,0.488881314615,0.321081529504,0.190037155881
id14081,0.249390165505,0.102901825309,0.647708009186
id10527,0.240370906224,0.130559913244,0.629069180532
id16059,0.144724981312,0.702738778931,0.152536239757
id25542,0.83443388955,0.128260242071,0.037305868379
id05402,0.073949440496,0.0994836896939,0.82656686981
id01927,0.603967432107,0.138315599473,0.257716968421
id27656,0.413168503166,0.2896597033,0.297171793534
id06708,0.182665501282,0.366907496267,0.450427002451
id03524,0.323976234953,0.400278775965,0.275744989082
id12297,0.654557491194,0.156765810023,0.188676698782
id03439,0.641911150595,0.177624870941,0.180463978464
id04587,0.173395448942,0.689923804007,0.136680747051
id25470,0.240512158402,0.609760153703,0.149727687895
id01212,0.481958956419,0.391057559263,0.126983484318
id13932,0.410489630999,0.342899446104,0.246610922896
id00124,0.217158607299,0.184469690529,0.598371702172
id01592,0.601564827853,0.236570374199,0.161864797948
