id,EAP,HPL,MWS
id02310,0.3616878187,0.1810887921,0.4572233892
id24541,0.7001485347,0.201234779,0.0986166862
id00134,0.2448916078,0.6068800038,0.1482283885
id27757,0.4855514041,0.2608506878,0.2535979081
id04081,0.4942213634,0.225831228,0.2799474086
id27337,0.57023207,0.2620664291,0.1677015009
id24265,0.6631736006,0.2292402495,0.1075861499
id25917,0.2537642056,0.4252438786,0.3209919158
id04951,0.8076696931,0.1222660411,0.0700642658
id14549,0.6682356283,0.1167967647,0.214967607
id22505,0.1611354765,0.3329058264,0.5059586972
id24002,0.0660410623,0.8388627053,0.0950962324
id18982,0.1499297594,0.4087381783,0.4413320623
id15181,0.1825998941,0.7185722608,0.0988278451
id21888,0.5287185297,0.1823930334,0.2888884369
id12035,0.1035432616,0.0898826651,0.8065740733
id17991,0.4547575012,0.166485209,0.3787572898
id10707,0.9430833086,0.0365237556,0.0203929359
id07101,0.4447282313,0.2551334723,0.3001382964
id00345,0.480285396,0.3922856587,0.1274289453
id05912,0.684723298,0.1868528014,0.1284239005
id13443,0.5284476534,0.1781477322,0.2934046144
id09248,0.2679898471,0.2335792722,0.4984308807
id17542,0.3286223038,0.5184453735,0.1529323226
id06995,0.1891877981,0.252877881,0.5579343209
id25159,0.3999779281,0.1160945752,0.4839274967
id25729,0.4589578337,0.3130342075,0.2280079588
id26949,0.5563667257,0.2738939844,0.1697392899
id27191,0.21903575,0.1831155721,0.5978486779
id07668,0.2957277412,0.1479194758,0.5563527831
id02230,0.3032022082,0.3227191508,0.3740786409
id15553,0.8199305313,0.083871879,0.0961975896
id25688,0.0983804526,0.7114201196,0.1901994278
id17545,0.5550365583,0.3008932627,0.144070179
id13929,0.4032446577,0.3300885477,0.2666667947
id12880,0.368911171,0.3196872316,0.3114015974
id19282,0.5130839121,0.3335377722,0.1533783157
id14690,0.0425707866,0.0883600402,0.8690691732
id17975,0.2371424717,0.6283697964,0.1344877319
id08037,0.6457412982,0.1101625057,0.2440961962
id15412,0.2828503599,0.1376824073,0.5794672328
id25032,0.3972792329,0.2228666949,0.3798540723
id27165,0.8274576997,0.0871204588,0.0854218414
id03327,0.5381758324,0.2598464208,0.2019777468
id18515,0.5609947767,0.2121309902,0.2268742331
id21003,0.4014224146,0.2076318563,0.3909457292
id23855,0.0873352913,0.7128113011,0.1998534075
id20724,0.423284323,0.2947077884,0.2820078886
id13303,0.4818873663,0.2501308494,0.2679817843
id16521,0.1169746444,0.2875475846,0.5954777709
id20775,0.7280995107,0.1285712961,0.1433291932
id13029,0.7098436341,0.1543584789,0.135797887
id14660,0.5647384164,0.3196958721,0.1155657115
id11028,0.0998406885,0.0654628235,0.834696488
id14180,0.6694436333,0.1929666482,0.1375897185
id25860,0.8595268875,0.0805453874,0.0599277251
id11910,0.3418787355,0.2683793791,0.3897418854
id08065,0.2114645224,0.1290943033,0.6594411742
id22674,0.1791915602,0.1620906242,0.6587178157
id25018,0.4591723577,0.1137124993,0.4271151429
id10892,0.3374573306,0.5108764111,0.1516662583
id10217,0.4406118389,0.417495014,0.1418931471
id12996,0.291340835,0.2452211098,0.4634380552
id18262,0.5121121342,0.170198553,0.3176893128
id08606,0.1588247749,0.7104895137,0.1306857115
id17233,0.5885169244,0.1550900641,0.2563930114
id00101,0.4650185605,0.2901860771,0.2447953624
id12225,0.5056041891,0.2704690529,0.223926758
id01364,0.2527995989,0.5888638956,0.1583365054
id24973,0.5033320052,0.1868635574,0.3098044374
id25363,0.4731619937,0.1730358133,0.3538021931
id10061,0.4113686727,0.1800721812,0.4085591461
id17673,0.3492009005,0.3477618242,0.3030372753
id13249,0.3621040025,0.1843053219,0.4535906757
id10107,0.1870434505,0.1229723162,0.6899842333
id04403,0.7065914385,0.1572346134,0.1361739482
id25728,0.7209577844,0.1479847938,0.1310574218
id16184,0.2074083502,0.2895131215,0.5030785283
id03438,0.1865094716,0.0913565446,0.7221339838
id22923,0.1245078928,0.7570374363,0.1184546709
id08610,0.7857783965,0.1024435775,0.111778026
id25355,0.256249319,0.2529340674,0.4908166136
id16916,0.5276256762,0.3013473699,0.1710269539
id12793,0.2771260422,0.5317734592,0.1911004986
id11859,0.5473118714,0.1250627708,0.3276253578
id02434,0.8564170498,0.0815914607,0.0619914896
id27703,0.1515266637,0.1643416658,0.6841316705
id25212,0.2214216188,0.6024818218,0.1760965594
id11308,0.2514531216,0.2813418356,0.4672050428
id26094,0.6343151595,0.22020948,0.1454753606
id22080,0.5377968411,0.375698793,0.0865043659
id03545,0.5142646783,0.3417514513,0.1439838703
id23725,0.1709556115,0.2478269582,0.5812174303
id12009,0.6745983168,0.1637080225,0.1616936607
id24241,0.3852301458,0.3366475667,0.2781222875
id03596,0.2158978114,0.670264106,0.1138380826
id10749,0.2819614098,0.4539092615,0.2641293287
id22794,0.0896544887,0.1977388965,0.7126066148
id15482,0.2548557604,0.3294300638,0.4157141757
id04833,0.4691070356,0.290987077,0.2399058874
id00397,0.2753964591,0.0831039088,0.6414996321
id14691,0.3730215379,0.1701657855,0.4568126766
id05193,0.3077376024,0.1136673836,0.5785950139
id19541,0.5855171527,0.2268663474,0.1876164999
id22166,0.0809246143,0.1203966163,0.7986787694
id20744,0.1621995233,0.1499467615,0.6878537151
id10392,0.0656214233,0.0932855115,0.8410930652
id00770,0.7007801033,0.1355657103,0.1636541863
id06018,0.2892794977,0.5861994669,0.1245210354
id15678,0.3597451239,0.2318936593,0.4083612168
id08305,0.6318475774,0.234717312,0.1334351106
id08903,0.386476468,0.1608077325,0.4527157995
id14752,0.5390711035,0.3248021628,0.1361267337
id12468,0.3648998908,0.5409766683,0.0941234409
id05085,0.5255248543,0.2639638631,0.2105112826
id21993,0.3038755102,0.1398453817,0.5562791081
id15503,0.5756892298,0.2669280938,0.1573826763
id03021,0.066224085,0.7661126807,0.1676632344
id16123,0.7895797063,0.1142832701,0.0961370236
id19383,0.7761069883,0.1313479668,0.0925450449
id04186,0.8498413745,0.0481719273,0.1019866983
id17954,0.0773924346,0.1086511846,0.8139563808
id12030,0.3417063961,0.101062265,0.5572313389
id13020,0.5735937038,0.3044072359,0.1219990603
id25327,0.1926147306,0.6159978644,0.191387405
id16344,0.1735726303,0.2304753941,0.5959519755
id12303,0.4631956383,0.4034282824,0.1333760793
id15017,0.6917789438,0.1884001046,0.1198209516
id22308,0.221350741,0.1577776388,0.6208716202
id06536,0.1796059435,0.3550606703,0.4653333862
id19797,0.1661655573,0.6774085765,0.1564258662
id06332,0.3492932191,0.3484107221,0.3022960588
id22941,0.1836032337,0.4379016244,0.3784951419
id13547,0.1027996724,0.3106013137,0.5865990139
id06928,0.1511270172,0.0884114818,0.760461501
id12521,0.4397166577,0.2937580671,0.2665252752
id25716,0.5855423843,0.1015579228,0.3128996929
id27116,0.0374699656,0.0375168013,0.9250132331
id19941,0.3981251137,0.4602376386,0.1416372477
id05711,0.063169198,0.1055057349,0.8313250671
id02097,0.0887019998,0.2686812066,0.6426167935
id03563,0.1126804565,0.7597851829,0.1275343605
id02295,0.2932565838,0.4773444871,0.2293989291
id08179,0.83908361,0.0835686141,0.0773477759
id05332,0.2308455383,0.6160962474,0.1530582143
id15697,0.3709807207,0.2106601848,0.4183590945
id17026,0.4333880892,0.2476929762,0.3189189345
id04243,0.5637606899,0.238252276,0.1979870341
id13175,0.7292190271,0.1426746099,0.128106363
id05387,0.5439405711,0.1654456264,0.2906138025
id19989,0.5145660452,0.2475734895,0.2378604654
id25173,0.1917100783,0.1698314283,0.6384584934
id08925,0.3117188083,0.5890206597,0.0992605319
id03034,0.1588383013,0.6121382959,0.2290234028
id13272,0.0980502892,0.7609410541,0.1410086567
id07956,0.6458100389,0.1628315746,0.1913583865
id02648,0.2095478017,0.2212392351,0.5692129631
id01778,0.3246759671,0.1192660043,0.5560580286
id12846,0.0902377561,0.0755854103,0.8341768336
id19001,0.4553223505,0.1392633805,0.405414269
id05763,0.6215318336,0.1266187559,0.2518494105
id15590,0.1327674054,0.1197450445,0.7474875501
id04912,0.4527474156,0.2891710394,0.258081545
id21201,0.5961921871,0.2136324217,0.1901753912
id13215,0.8875888882,0.029546096,0.0828650157
id15612,0.1449915508,0.7468676952,0.108140754
id18501,0.3117957007,0.1691948,0.5190094993
id07223,0.3920367882,0.3779484903,0.2300147215
id06707,0.2762772543,0.3890929701,0.3346297756
id05238,0.081100755,0.8613471625,0.0575520825
id00935,0.184073083,0.3483298011,0.4675971159
id00110,0.3260057645,0.351200589,0.3227936465
id17476,0.7482244481,0.1754166574,0.0763588946
id15170,0.6955254745,0.1772973424,0.127177183
id13397,0.3831591407,0.2677582183,0.349082641
id24283,0.4473399736,0.4300977991,0.1225622274
id15234,0.7630415421,0.1559724918,0.0809859661
id16884,0.340174696,0.4105042272,0.2493210768
id07831,0.2354275903,0.4610583189,0.3035140908
id16038,0.6966064716,0.2106666631,0.0927268653
id03629,0.5822078422,0.2555695513,0.1622226066
id21019,0.6059423856,0.2547334466,0.1393241678
id21835,0.3204272369,0.3497040877,0.3298686754
id04480,0.1545250594,0.7659869519,0.0794879887
id20838,0.4992122767,0.3036240176,0.1971637056
id24195,0.3972073246,0.3082696396,0.2945230358
id05448,0.528025258,0.3139181159,0.1580566262
id15957,0.1363928365,0.7750524888,0.0885546746
id19956,0.137111798,0.1029610652,0.7599271368
id15104,0.178451163,0.2361541595,0.5853946775
id17559,0.5192708426,0.2563672726,0.2243618848
id16839,0.341568342,0.2862393891,0.3721922689
id14493,0.3452791201,0.1987781924,0.4559426874
id08833,0.6202769939,0.0928278974,0.2868951087
id15723,0.2300698978,0.1751802378,0.5947498644
id02716,0.8209807517,0.0993686988,0.0796505495
id06689,0.2577495909,0.5721859587,0.1700644504
id18837,0.2855153277,0.1698352129,0.5446494594
id04466,0.5592157819,0.2940898765,0.1466943417
id00686,0.6517632437,0.1664521215,0.1817846347
id09010,0.323553534,0.5429243877,0.1335220783
id23353,0.8125519067,0.0737583084,0.1136897849
id00066,0.5563723683,0.3203796729,0.1232479588
id15724,0.3185581854,0.5325743363,0.1488674783
id23486,0.3369792941,0.1135503794,0.5494703264
id22258,0.1284106481,0.1368645452,0.7347248068
id02292,0.3775393794,0.2790136678,0.3434469527
id16356,0.3781255105,0.1739794115,0.447895078
id00235,0.3976744558,0.2696709071,0.3326546371
id25522,0.2493236478,0.2353019946,0.5153743576
id04204,0.2490106563,0.6198946623,0.1310946814
id22016,0.4069011632,0.2240116242,0.3690872126
id06480,0.1694697581,0.6511479285,0.1793823134
id08718,0.2787025035,0.0983506886,0.6229468079
id05251,0.1594305242,0.6676315981,0.1729378777
id03359,0.318746262,0.351603585,0.329650153
id16117,0.3269097952,0.1162183578,0.556871847
id17000,0.1493505825,0.7102924482,0.1403569693
id01730,0.2529675227,0.5983138362,0.1487186411
id00630,0.6573003573,0.2346014069,0.1080982358
id18175,0.2954576774,0.2320391397,0.4725031829
id00907,0.5976180669,0.1306949431,0.2716869899
id18251,0.1338766588,0.7778429897,0.0882803515
id25861,0.4601891943,0.280580826,0.2592299796
id00398,0.4910252282,0.3404873421,0.1684874296
id27573,0.7217660853,0.0770862108,0.2011477039
id10022,0.1474469723,0.63856345,0.2139895778
id15901,0.393713208,0.1661824066,0.4401043854
id00451,0.1977234641,0.1988595211,0.6034170148
id23129,0.3190360158,0.5127699899,0.1681939943
id26498,0.452126887,0.301717197,0.246155916
id14741,0.3526779933,0.3505135719,0.2968084347
id18453,0.4329876835,0.1728648974,0.3941474191
id08309,0.5449947005,0.3406657631,0.1143395363
id00320,0.7627867288,0.1249874893,0.1122257818
id07688,0.3268131373,0.2040769371,0.4691099255
id01556,0.1558866814,0.0712969452,0.7728163734
id00178,0.3791157441,0.2274140826,0.3934701734
id18902,0.1389316083,0.3012344425,0.5598339492
id27002,0.4365970226,0.4208218351,0.1425811423
id21418,0.7550249634,0.115099339,0.1298756976
id23018,0.3772217758,0.3557410643,0.26703716
id07032,0.2974187288,0.3427687005,0.3598125707
id16195,0.5143176322,0.1971412443,0.2885411235
id11202,0.2509791092,0.5477453257,0.201275565
id09578,0.5103201031,0.2139826987,0.2756971982
id26984,0.5133597919,0.0903664026,0.3962738055
id19856,0.1657798923,0.7334033277,0.10081678
id12086,0.5835983871,0.1398248007,0.2765768122
id12052,0.1090509507,0.0762951188,0.8146539306
id17728,0.2068895948,0.1820086891,0.6111017161
id24608,0.4192196853,0.2379348238,0.3428454908
id21097,0.3046767485,0.2856458871,0.4096773644
id20179,0.1384847913,0.1730500522,0.6884651565
id15144,0.533674078,0.2823197383,0.1840061837
id00206,0.7538257803,0.1277455126,0.1184287071
id22285,0.2027797828,0.1208169256,0.6764032917
id06417,0.2366520918,0.5430005223,0.2203473859
id00215,0.1488910749,0.7681547275,0.0829541976
id04201,0.3990119488,0.2367052894,0.3642827617
id21771,0.6155560054,0.2810648331,0.1033791615
id12451,0.2171527393,0.3667534622,0.4160937985
id14250,0.1114224458,0.5401996668,0.3483778874
id03433,0.3087844033,0.4366690356,0.2545465611
id03303,0.2898057239,0.1410011825,0.5691930936
id25901,0.4104609485,0.3272072102,0.2623318413
id06945,0.5629380682,0.1969983685,0.2400635633
id05664,0.4607728021,0.3386166083,0.2006105896
id05741,0.8141841923,0.1177538216,0.068061986
id10652,0.6463454433,0.1752809748,0.178373582
id16300,0.6463780147,0.1895244698,0.1640975155
id12319,0.4104426348,0.31210617,0.2774511952
id07500,0.1340333845,0.7868396909,0.0791269246
id12478,0.3094562345,0.3277671622,0.3627766033
id03076,0.2681944705,0.0970707616,0.634734768
id00969,0.3340746363,0.4433893871,0.2225359766
id23636,0.1122454777,0.790713973,0.0970405493
id09791,0.2184093001,0.3626026509,0.418988049
id05680,0.2169894525,0.5336352262,0.2493753212
id03672,0.264374022,0.4476487211,0.2879772569
id04286,0.1636087045,0.6089525032,0.2274387922
id23883,0.1909522435,0.3509464543,0.4581013022
id11914,0.255784096,0.2523311501,0.4918847539
id20974,0.1779426564,0.6588434338,0.1632139098
id26125,0.3985005388,0.2607970112,0.34070245
id15543,0.2991066748,0.2001186775,0.5007746478
id19471,0.657869385,0.1242034331,0.2179271819
id11503,0.6182016918,0.2183113845,0.1634869236
id09321,0.1029390809,0.6416198458,0.2554410732
id25560,0.0510154554,0.1460752688,0.8029092757
id06726,0.311491708,0.2719977291,0.416510563
id05709,0.6895938508,0.0783082304,0.2320979189
id09788,0.2554464427,0.4725875775,0.2719659798
id05289,0.7290049675,0.1893601203,0.0816349122
id11815,0.0954866623,0.8388285863,0.0656847514
id22422,0.3934140765,0.2952275661,0.3113583574
id25954,0.5343192881,0.1654753046,0.3002054073
id13601,0.3989589864,0.3524874229,0.2485535907
id05677,0.6738940749,0.1768292633,0.1492766618
id10498,0.2586399093,0.615941503,0.1254185878
id02665,0.3115567708,0.4876378647,0.2008053645
id10114,0.2183563315,0.513757753,0.2678859155
id26314,0.6799111531,0.1757550815,0.1443337654
id21240,0.3338806636,0.3523369567,0.3137823797
id15569,0.6877792377,0.1916993475,0.1205214148
id25928,0.2873303135,0.2630767751,0.4495929114
id22706,0.268003526,0.573250665,0.158745809
id20877,0.0556693635,0.8236985407,0.1206320958
id04318,0.7071196331,0.1641095353,0.1287708316
id18299,0.2976215021,0.3656742066,0.3367042913
id08126,0.1841861248,0.116007829,0.6998060462
id14293,0.4615036254,0.1265059284,0.4119904462
id12759,0.6213249961,0.1354506836,0.2432243203
id11983,0.4160614358,0.2640157462,0.319922818
id05580,0.3306562813,0.4137598515,0.2555838672
id25846,0.3801580334,0.4080368099,0.2118051568
id01939,0.4186687085,0.1897072782,0.3916240132
id26327,0.1824258619,0.3455834192,0.4719907189
id11068,0.1275781353,0.0562629778,0.8161588869
id08404,0.5657022454,0.2162432276,0.218054527
id27189,0.3932149366,0.4772434018,0.1295416616
id15119,0.2092195607,0.5175267911,0.2732536483
id26525,0.7921573855,0.0671537833,0.1406888311
id03618,0.4443616458,0.329791636,0.2258467181
id27220,0.6492831365,0.167505949,0.1832109145
id18777,0.103778691,0.0838414237,0.8123798853
id20213,0.7317042204,0.1449511522,0.1233446274
id20403,0.604654384,0.2567675951,0.1385780209
id03777,0.3418508937,0.201569339,0.4565797673
id10595,0.3908091289,0.3821830445,0.2270078266
id13816,0.5104486146,0.1522284992,0.3373228862
id05667,0.1138706908,0.0853400387,0.8007892705
id24629,0.6010056838,0.1953223716,0.2036719446
id20398,0.2643793746,0.2162200001,0.5194006253
id14108,0.1494728143,0.1020843905,0.7484427952
id06196,0.1091393895,0.7641798356,0.1266807749
id02800,0.166724889,0.5686729449,0.2646021661
id18732,0.1601732439,0.7108361715,0.1289905846
id11915,0.0988804875,0.7250889834,0.1760305291
id09739,0.4737736196,0.31406446,0.2121619203
id24672,0.6134830807,0.1723297112,0.2141872081
id00414,0.0727775738,0.1847479277,0.7424744985
id16307,0.5381400866,0.2871479644,0.1747119491
id14043,0.2392241262,0.1497343206,0.6110415532
id00517,0.0162644855,0.074732108,0.9090034064
id09744,0.4804222997,0.3362788053,0.183298895
id19257,0.5785534061,0.2297109241,0.1917356698
id15437,0.5447749083,0.3080822856,0.1471428061
id16352,0.1982796658,0.1532620664,0.6484582679
id18849,0.495609322,0.1646090125,0.3397816654
id19434,0.1307734367,0.7710948672,0.0981316961
id17928,0.2805507865,0.1876039108,0.5318453027
id16896,0.2677620963,0.1343821554,0.5978557483
id02135,0.2809494603,0.4407968672,0.2782536724
id15075,0.6254232782,0.172381902,0.2021948198
id27486,0.2085352261,0.6236006537,0.1678641202
id19422,0.6772647132,0.1787999705,0.1439353162
id09603,0.2656469901,0.4952507982,0.2391022117
id02133,0.3269764574,0.4136140468,0.2594094958
id03441,0.4779652085,0.085642853,0.4363919385
id02398,0.1977561924,0.6778420494,0.1244017582
id05152,0.1432908612,0.1340045438,0.7227045949
id17838,0.5876666425,0.1468718276,0.2654615299
id25060,0.4282866898,0.3749519472,0.1967613631
id09998,0.2802834337,0.2633092657,0.4564073006
id01828,0.1352734655,0.5632362779,0.3014902565
id25377,0.4680348581,0.2394972753,0.2924678666
id22175,0.219027677,0.6571947888,0.1237775342
id02974,0.1557266494,0.116511612,0.7277617385
id26955,0.8408436451,0.12063897,0.0385173849
id21091,0.5174843417,0.2486585587,0.2338570997
id12802,0.6861560785,0.1653961849,0.1484477365
id07432,0.1102141405,0.7380283649,0.1517574946
id18749,0.2067933507,0.5174677513,0.2757388981
id15030,0.107386474,0.2333102337,0.6593032923
id17155,0.235176182,0.5456732108,0.2191506072
id08128,0.1256606745,0.6445963075,0.229743018
id25706,0.098139629,0.5998289748,0.3020313962
id15645,0.7471149547,0.1680751915,0.0848098538
id04943,0.5591695546,0.27060563,0.1702248154
id27566,0.2414641428,0.1234118834,0.6351239738
id11765,0.329612278,0.2056501608,0.4647375611
id13783,0.4505354253,0.3986451398,0.1508194349
id00492,0.1757300008,0.1984974997,0.6257724995
id27636,0.2407440062,0.3159044036,0.4433515902
id04273,0.5801680375,0.2623944725,0.15743749
id02537,0.3121705058,0.317868916,0.3699605782
id24349,0.4280647674,0.4418967164,0.1300385162
id00023,0.0586698233,0.7958130958,0.1455170808
id23025,0.3836273268,0.4774604091,0.138912264
id08722,0.6579386971,0.1609072955,0.1811540074
id02420,0.7144425412,0.1933137299,0.0922437289
id10811,0.6401382273,0.1286480142,0.2312137585
id04019,0.1902230953,0.1255642369,0.6842126678
id18334,0.7869675971,0.120356544,0.0926758589
id16781,0.3657271238,0.4146148538,0.2196580224
id08773,0.5490499785,0.2884936867,0.1624563348
id19214,0.495028747,0.205081724,0.2998895291
id09589,0.1209668206,0.5509374668,0.3280957126
id24246,0.6198047355,0.208969976,0.1712252885
id23577,0.7263130851,0.1972626642,0.0764242506
id09305,0.6536623824,0.1547687721,0.1915688455
id16460,0.5244292739,0.2531960305,0.2223746956
id21115,0.5262359002,0.2784886218,0.195275478
id25996,0.2898745055,0.3134747991,0.3966506954
id02551,0.1806821395,0.1788787139,0.6404391465
id19352,0.1152291936,0.1103497547,0.7744210518
id03806,0.3373062422,0.113917371,0.5487763868
id26544,0.7269711324,0.1158926131,0.1571362545
id18761,0.6269812871,0.1624472921,0.2105714208
id24148,0.2552621884,0.622250037,0.1224877746
id16095,0.1706705949,0.5662004718,0.2631289334
id18442,0.5065729296,0.1945645657,0.2988625047
id22596,0.0491618093,0.059390402,0.8914477888
id23002,0.2021253202,0.1855375112,0.6123371686
id04797,0.7125160764,0.1470533478,0.1404305759
id06610,0.2274726263,0.109167649,0.6633597247
id16173,0.3605935202,0.405852402,0.2335540778
id18292,0.1903139982,0.3429169621,0.4667690397
id27328,0.7732928514,0.1047456416,0.121961507
id01695,0.2523133559,0.5445143698,0.2031722744
id05761,0.4713897322,0.2043495828,0.324260685
id16354,0.7379390893,0.1038030997,0.158257811
id12207,0.2262551351,0.3813413473,0.3924035176
id05665,0.2643547237,0.1100434159,0.6256018603
id01911,0.6611130242,0.1704467692,0.1684402066
id19153,0.1809475498,0.1386984473,0.6803540029
id10295,0.3570765579,0.2172962255,0.4256272166
id23038,0.4046837385,0.4434710716,0.1518451899
id23783,0.4068916247,0.4867349413,0.106373434
id27879,0.4888663786,0.4309480944,0.080185527
id19190,0.2717284768,0.636727333,0.0915441902
id05065,0.5275316744,0.2105834271,0.2618848984
id21296,0.3056554838,0.4744603861,0.2198841301
id13262,0.2596330627,0.3235857072,0.4167812301
id10333,0.723259233,0.1280766976,0.1486640695
id16677,0.427952923,0.3127507024,0.2592963746
id01392,0.3332001541,0.2205320129,0.4462678329
id27874,0.7567688202,0.1402773649,0.1029538149
id02294,0.0797424654,0.6659108264,0.2543467082
id18298,0.1454976783,0.1930877995,0.6614145222
id06997,0.6044717747,0.1503943668,0.2451338585
id05243,0.4258354734,0.2556514974,0.3185130292
id00860,0.140268632,0.5371813785,0.3225499895
id26681,0.5841446499,0.3088783505,0.1069769997
id06020,0.1326094645,0.0711526654,0.7962378702
id27683,0.5003877291,0.2245692566,0.2750430143
id17655,0.159935949,0.7340808829,0.1059831681
id08817,0.2146566395,0.1697899256,0.6155534349
id11512,0.1049341631,0.3571587667,0.5379070702
id00478,0.3396513401,0.2329726617,0.4273759983
id02116,0.7302615611,0.1543283534,0.1154100855
id06746,0.55526291,0.2612453582,0.1834917318
id03863,0.2898497728,0.4952762939,0.2148739334
id01802,0.359681127,0.2528799642,0.3874389088
id11682,0.663177304,0.1162511249,0.2205715711
id04033,0.1682310286,0.6927303148,0.1390386566
id09286,0.200075525,0.4602935989,0.3396308761
id12904,0.5393059949,0.2315843827,0.2291096224
id07420,0.1225096515,0.1359664164,0.7415239322
id22398,0.0643374429,0.8445437671,0.09111879
id00424,0.2798186972,0.1033219823,0.6168593205
id20960,0.6337498938,0.1410864978,0.2251636085
id10267,0.6027113852,0.1736960755,0.2235925393
id19330,0.394481777,0.2115221483,0.3939960747
id00994,0.1167295392,0.6764661339,0.2068043269
id10785,0.3699877804,0.3907341111,0.2392781085
id00955,0.1434534521,0.6916925328,0.1648540151
id09757,0.085606777,0.7951559403,0.1192372827
id10030,0.2234610987,0.2432483667,0.5332905346
id22952,0.2002366892,0.2557551452,0.5440081655
id21955,0.0898352024,0.1745408274,0.7356239702
id07674,0.3719144112,0.2430498675,0.3850357212
id13760,0.4312971556,0.4244727677,0.1442300768
id18166,0.6145511473,0.1376107155,0.2478381372
id23498,0.5213776092,0.3060889023,0.1725334885
id05296,0.8140748272,0.0797109774,0.1062141954
id26709,0.4880908934,0.2207793622,0.2911297445
id02853,0.779738332,0.1515462772,0.0687153908
id06800,0.3924414663,0.3439740346,0.2635844991
id14758,0.4527653361,0.3753446858,0.1718899781
id12356,0.77870652,0.1163031709,0.1049903091
id21492,0.6169626012,0.2016638031,0.1813735957
id27540,0.3921068642,0.259993964,0.3478991718
id07376,0.1720231403,0.4839707702,0.3440060895
id15201,0.573374977,0.2756331251,0.1509918979
id23388,0.1345655335,0.6892973894,0.1761370772
id13923,0.2033948097,0.5898447589,0.2067604314
id00794,0.1068988987,0.7616708589,0.1314302424
id23910,0.2834967667,0.182911241,0.5335919923
id02556,0.092616164,0.1415729848,0.7658108512
id22151,0.1141834377,0.7832088797,0.1026076826
id11698,0.3333129793,0.4100883349,0.2565986858
id11627,0.385927301,0.2402188921,0.3738538069
id06340,0.6323658438,0.1869505622,0.1806835941
id05123,0.8149058226,0.0773958516,0.1076983258
id26620,0.1410159018,0.1086371515,0.7503469467
id04002,0.2586348205,0.2768856038,0.4644795757
id26554,0.205947153,0.3792734976,0.4147793494
id18012,0.339224042,0.2767193385,0.3840566195
id12964,0.1819354124,0.1943470759,0.6237175117
id18965,0.1228876575,0.3356252978,0.5414870447
id19082,0.3163748277,0.1971633196,0.4864618526
id26742,0.1951457938,0.0872501842,0.717604022
id15442,0.4459372324,0.3794262771,0.1746364905
id16647,0.5375277942,0.1033175024,0.3591547034
id11544,0.4079022626,0.1713536961,0.4207440414
id20581,0.2785446603,0.2866753736,0.4347799661
id13192,0.31910309,0.4404883979,0.2404085121
id15814,0.3098145992,0.3396831602,0.3505022406
id26279,0.3990772181,0.4505253125,0.1503974695
id00240,0.7293710308,0.1305091853,0.1401197839
id22836,0.6149898589,0.1789729591,0.206037182
id15085,0.1928968197,0.6018197294,0.2052834508
id17495,0.627483859,0.131703019,0.2408131219
id26762,0.4919312581,0.2283355705,0.2797331714
id13685,0.8148651045,0.0484279733,0.1367069221
id16560,0.2241849734,0.6744068357,0.1014081909
id17184,0.0959604327,0.7714529571,0.1325866101
id21635,0.8515607111,0.0600968863,0.0883424027
id26751,0.2483181224,0.5493586843,0.2023231933
id12351,0.6144963147,0.1869652201,0.1985384652
id14872,0.4313283311,0.4192500267,0.1494216423
id18372,0.6479613655,0.1372888999,0.2147497346
id26851,0.501061857,0.1962430334,0.3026951097
id22659,0.5353829345,0.3949555802,0.0696614853
id04102,0.1846683343,0.0915671992,0.7237644666
id02353,0.1694418275,0.6854464752,0.1451116973
id26721,0.769333235,0.1117703721,0.1188963929
id11171,0.5030249854,0.1947946006,0.3021804139
id13562,0.2339017712,0.5877488399,0.1783493889
id26425,0.5915620077,0.1789789996,0.2294589927
id26394,0.371736809,0.3665739589,0.2616892321
id22187,0.4412000816,0.3430769929,0.2157229255
id00422,0.866582984,0.0646706902,0.0687463258
id22667,0.0814836784,0.842518486,0.0759978356
id00911,0.3578230636,0.2155229633,0.4266539731
id17291,0.4797372934,0.1576364166,0.36262629
id01915,0.2844263997,0.263874614,0.4516989863
id01434,0.2469047533,0.1956773884,0.5574178583
id01584,0.4330304194,0.2866011072,0.2803684734
id09266,0.6203743444,0.1488372431,0.2307884125
id17494,0.1574901709,0.6621371913,0.1803726378
id24919,0.3223236532,0.3225800432,0.3550963036
id21043,0.2066618261,0.0438069636,0.7495312103
id17796,0.2931883806,0.5990367472,0.1077748722
id02166,0.3916797308,0.1500454382,0.458274831
id17503,0.6606970217,0.1541965197,0.1851064586
id21203,0.5241905322,0.2206546009,0.2551548669
id25626,0.723922141,0.1653502705,0.1107275885
id09836,0.8536570567,0.0865830953,0.0597598479
id24202,0.160751819,0.3565768908,0.4826712902
id27260,0.5003759502,0.1501413448,0.3494827051
id23167,0.1422681701,0.1110578144,0.7466740155
id10393,0.1283426055,0.7813373329,0.0903200617
id01171,0.7063993922,0.168990506,0.1246101018
id06380,0.7567008605,0.1403244955,0.102974644
id22686,0.4337243588,0.1262523861,0.4400232552
id26250,0.3544141374,0.1532719034,0.4923139592
id09315,0.2720591704,0.4799467403,0.2479940892
id00886,0.2724615565,0.51917151,0.2083669335
id03101,0.5880209711,0.2371976224,0.1747814065
id12367,0.4217724663,0.1537346466,0.4244928871
id10770,0.6489931559,0.1383551332,0.2126517108
id14949,0.2819880988,0.6256243985,0.0923875027
id14141,0.2557860756,0.5753668316,0.1688470928
id25417,0.3522510101,0.4227110136,0.2250379763
id26873,0.6106181559,0.2169047118,0.1724771324
id10818,0.2259721055,0.1831999044,0.5908279902
id15146,0.7116101975,0.1251284836,0.163261319
id23328,0.6019411375,0.1918359911,0.2062228714
id16765,0.410974394,0.3434927406,0.2455328654
id24383,0.5559797167,0.0939027081,0.3501175751
id21304,0.6223821757,0.2775114275,0.1001063968
id12551,0.2226128271,0.5974251787,0.1799619942
id23274,0.2307193427,0.3088578456,0.4604228117
id08117,0.6662431529,0.1915045659,0.1422522812
id23961,0.6285109654,0.1566781502,0.2148108844
id13865,0.1578870161,0.7380756653,0.1040373185
id22807,0.3113917597,0.2504295971,0.4381786432
id08951,0.2527567437,0.1684985184,0.5787447379
id18684,0.8523725933,0.0837827548,0.0638446519
id25179,0.4007022696,0.2999013956,0.2993963348
id27033,0.5426457357,0.2424993032,0.2148549611
id13977,0.1817379173,0.5255203413,0.2927417414
id19337,0.1020520116,0.7854007041,0.1125472843
id25764,0.1883269763,0.7038179609,0.1078550628
id16106,0.3058331125,0.2622470569,0.4319198306
id05468,0.3011219234,0.0676678008,0.6312102758
id05241,0.7401666686,0.1036815492,0.1561517822
id10215,0.5000230197,0.206123645,0.2938533354
id23457,0.1753511531,0.3575676957,0.4670811512
id02200,0.7235336183,0.1341846056,0.1422817762
id13714,0.2250987505,0.4866266254,0.2882746241
id20332,0.0522977047,0.0702847823,0.8774175129
id18573,0.2097396374,0.2432829803,0.5469773822
id08569,0.5978497065,0.1827496633,0.2194006303
id22767,0.2932729472,0.4038642698,0.3028627829
id25390,0.3252133861,0.3358336643,0.3389529495
id09288,0.6889647548,0.1649051446,0.1461301005
id12381,0.6798336114,0.1480873653,0.1720790232
id02895,0.1939193409,0.3170286991,0.48905196
id25270,0.0696495524,0.1470881758,0.7832622717
id14248,0.2641025658,0.178469499,0.5574279352
id12831,0.6969346756,0.0834379918,0.2196273326
id18305,0.6119730441,0.2074345282,0.1805924278
id07805,0.6624246612,0.2397344058,0.097840933
id14027,0.3247004035,0.2600105926,0.415289004
id02760,0.5959425793,0.2908028205,0.1132546003
id24362,0.8984263594,0.0547397038,0.0468339368
id17065,0.2511893986,0.5823332252,0.1664773762
id26583,0.1368047392,0.5272749236,0.3359203372
id19664,0.7008951838,0.1527456795,0.1463591366
id25145,0.6598520342,0.2050264076,0.1351215582
id17858,0.1356150113,0.7261732864,0.1382117024
id05148,0.2934715064,0.2273940302,0.4791344635
id22928,0.6623289126,0.2091061659,0.1285649215
id21549,0.4899358764,0.1011818093,0.4088823143
id12649,0.3966535652,0.4859498054,0.1173966294
id21597,0.7571392469,0.1270725131,0.1157882399
id27945,0.5305492207,0.2300734042,0.2393773751
id00243,0.7580207244,0.0957435326,0.146235743
id02745,0.5460249465,0.1478645372,0.3061105163
id23550,0.1441762257,0.1814691439,0.6743546304
id13023,0.3206260317,0.156226193,0.5231477753
id24796,0.2490450939,0.2701486661,0.48080624
id12284,0.3430316491,0.450981675,0.2059866758
id02664,0.0159228895,0.9056850876,0.0783920228
id23767,0.5215216788,0.2560209711,0.2224573502
id05859,0.3011463994,0.3685021121,0.3303514885
id14350,0.3211671594,0.3950917092,0.2837411314
id01191,0.1997928635,0.4684862169,0.3317209196
id17034,0.6170663126,0.1387917608,0.2441419266
id25292,0.500036566,0.2366834072,0.2632800267
id22121,0.8589247352,0.0773654959,0.0637097689
id20872,0.8425503064,0.1009213398,0.0565283538
id17720,0.2502235847,0.5369905222,0.2127858932
id22658,0.4229815154,0.3992783059,0.1777401788
id09567,0.423072195,0.3241454346,0.2527823704
id16445,0.592539569,0.2082046516,0.1992557794
id08349,0.3967457765,0.2797062387,0.3235479848
id27437,0.2154027809,0.2419916219,0.5426055972
id03812,0.7033467749,0.1899429752,0.1067102499
id22304,0.5962469854,0.2820926023,0.1216604124
id04449,0.5010451868,0.2749101628,0.2240446503
id15605,0.4021319766,0.27955561,0.3183124134
id01768,0.5090413445,0.1656164963,0.3253421591
id20019,0.3259102796,0.432498985,0.2415907354
id09593,0.1648043356,0.6102227386,0.2249729258
id23179,0.4431166434,0.2821248394,0.2747585172
id21279,0.6910868108,0.1360425575,0.1728706317
id06711,0.2008459747,0.1735292339,0.6256247914
id14243,0.1203468684,0.778028586,0.1016245456
id04839,0.0753326757,0.2714165774,0.6532507469
id17220,0.1153583033,0.6782075022,0.2064341945
id24177,0.4206275402,0.2015724493,0.3778000104
id20512,0.2546971587,0.1239838771,0.6213189642
id14036,0.1774936363,0.7159638561,0.1065425076
id25001,0.1321367227,0.1385328762,0.7293304011
id06175,0.1439565617,0.5588005183,0.2972429199
id24720,0.3687510336,0.4161654979,0.2150834686
id08070,0.5157044685,0.3398512577,0.1444442738
id18934,0.6415477703,0.2005263928,0.157925837
id01338,0.5784299276,0.1319785622,0.2895915102
id19008,0.1278511905,0.7043600682,0.1677887413
id19632,0.2546697311,0.4641716631,0.2811586059
id26224,0.0597734614,0.0961022008,0.8441243378
id08219,0.558794062,0.1211796386,0.3200262994
id24008,0.081412585,0.1057131215,0.8128742936
id12475,0.3274472642,0.5360979032,0.1364548325
id05766,0.3597551409,0.1744859738,0.4657588853
id27386,0.2008826538,0.4469007349,0.3522166114
id12476,0.0625857539,0.8831053222,0.0543089239
id08311,0.3582270632,0.460119933,0.1816530038
id04996,0.6545325241,0.2478984722,0.0975690036
id17350,0.2004397279,0.5853889807,0.2141712914
id05546,0.195497074,0.6006682448,0.2038346812
id16504,0.2956782732,0.4835418318,0.220779895
id05782,0.0199999633,0.0364094779,0.9435905588
id20560,0.6612633828,0.1227660767,0.2159705405
id14171,0.1672386484,0.4246279231,0.4081334285
id27461,0.3288964601,0.2004273244,0.4706762154
id03581,0.2029454071,0.2836028528,0.5134517401
id21847,0.2421227503,0.2408865174,0.5169907323
id11712,0.652651771,0.1507010219,0.1966472072
id26738,0.132111497,0.199050814,0.668837689
id13668,0.7570200084,0.157263164,0.0857168276
id15114,0.6981716116,0.1450068809,0.1568215075
id20130,0.5218959216,0.2427900617,0.2353140168
id18331,0.4199074273,0.1265457862,0.4535467865
id24465,0.8329640907,0.0802272678,0.0868086415
id13539,0.3052245127,0.3191869827,0.3755885046
id27564,0.3757442582,0.402466255,0.2217894868
id26043,0.4232565808,0.150432787,0.4263106322
id04965,0.0277993346,0.0389013754,0.93329929
id08645,0.1355673345,0.1483975248,0.7160351407
id26610,0.5348596619,0.2266022712,0.238538067
id21737,0.3858772447,0.3212197019,0.2929030534
id25784,0.0828909003,0.7828997099,0.1342093898
id23030,0.5434423294,0.2190087602,0.2375489104
id16450,0.1275020113,0.7491386839,0.1233593048
id02161,0.4951850479,0.1305823563,0.3742325958
id25535,0.5731519786,0.1553773515,0.2714706699
id16566,0.6780544882,0.1048199466,0.2171255653
id05714,0.7368763752,0.137296898,0.1258267268
id16524,0.5794337035,0.2376497323,0.1829165642
id23941,0.134614849,0.6495228335,0.2158623175
id00831,0.1293180432,0.2334797232,0.6372022337
id18145,0.3835964073,0.1711312184,0.4452723744
id17227,0.721622116,0.1094342587,0.1689436253
id09417,0.5188917164,0.229091899,0.2520163846
id21307,0.4714300675,0.3430852069,0.1854847256
id05650,0.2057372048,0.6463590803,0.1479037149
id23901,0.6144245772,0.2198990637,0.1656763591
id05831,0.7136520199,0.1358432812,0.1505046989
id16708,0.2588641406,0.4870507537,0.2540851057
id02281,0.1694400198,0.2544616453,0.5760983349
id11599,0.3609353983,0.239462614,0.3996019877
id18353,0.2805059205,0.5507005619,0.1687935176
id07413,0.4756255151,0.3895042015,0.1348702834
id15653,0.1303549128,0.732661285,0.1369838022
id09715,0.2002350651,0.0946825006,0.7050824343
id05108,0.3031540751,0.5602099591,0.1366359657
id09537,0.384286664,0.2728597653,0.3428535706
id27596,0.7432363289,0.1540831163,0.1026805548
id24255,0.1832630923,0.1309426497,0.685794258
id05080,0.1335531311,0.1101357361,0.7563111328
id09484,0.5693649293,0.1667531721,0.2638818987
id14864,0.0843107931,0.0550723698,0.8606168371
id26836,0.6933463203,0.190805766,0.1158479136
id07003,0.5521527821,0.2020476354,0.2457995825
id13750,0.0739449401,0.8463668106,0.0796882494
id21799,0.1784771653,0.3745050152,0.4470178195
id11285,0.9666595242,0.0215918363,0.0117486394
id04735,0.4791894173,0.2790855194,0.2417250633
id23049,0.0594284193,0.1328575628,0.8077140179
id05826,0.4419431853,0.3384111338,0.2196456809
id17916,0.4888813146,0.3210815295,0.1900371559
id14081,0.2493901655,0.1029018253,0.6477080092
id10527,0.2403709062,0.1305599132,0.6290691805
id16059,0.1447249813,0.7027387789,0.1525362398
id25542,0.8344338896,0.1282602421,0.0373058684
id05402,0.0739494405,0.0994836897,0.8265668698
id01927,0.6039674321,0.1383155995,0.2577169684
id27656,0.4131685032,0.2896597033,0.2971717935
id06708,0.1826655013,0.3669074963,0.4504270025
id03524,0.323976235,0.400278776,0.2757449891
id12297,0.6545574912,0.15676581,0.1886766988
id03439,0.6419111506,0.1776248709,0.1804639785
id04587,0.1733954489,0.689923804,0.1366807471
id25470,0.2405121584,0.6097601537,0.1497276879
id01212,0.4819589564,0.3910575593,0.1269834843
id13932,0.410489631,0.3428994461,0.2466109229
id00124,0.2171586073,0.1844696905,0.5983717022
id01592,0.6015648279,0.2365703742,0.1618647979
id13461,0.4304306751,0.3650002475,0.2045690774
id24681,0.3628496358,0.4011089943,0.2360413699
id23245,0.2654155852,0.2070662669,0.5275181479
id14073,0.4205308538,0.2901072009,0.2893619454
id05172,0.6754193983,0.1475839975,0.1769966042
id21979,0.2523917332,0.2044794577,0.5431288091
id00328,0.7123574707,0.0585376888,0.2291048405
id26102,0.7829908553,0.1091350478,0.1078740969
id14867,0.2823633268,0.1630682157,0.5545684575
id27544,0.1444725058,0.7951236145,0.0604038797
id16228,0.5973311576,0.1450567563,0.2576120861
id16342,0.5046316154,0.3132169189,0.1821514657
id24933,0.765165149,0.129322197,0.105512654
id04601,0.5127204719,0.1802370389,0.3070424892
id01599,0.2842619927,0.5778909342,0.1378470732
id06238,0.6576813747,0.2257165416,0.1166020837
id06826,0.2404927801,0.4537422368,0.3057649831
id23307,0.6673540518,0.2624353732,0.070210575
id13575,0.7693701982,0.1434767435,0.0871530583
id24174,0.4226241256,0.1200359399,0.4573399346
id19534,0.1609396626,0.251255187,0.5878051504
id19602,0.1987081508,0.1421103235,0.6591815257
id26962,0.1768124444,0.5377791831,0.2854083725
id04448,0.4688230679,0.3798475953,0.1513293368
id09786,0.3219025783,0.3803581122,0.2977393096
id25240,0.3766440592,0.3657857364,0.2575702044
id14893,0.7060605577,0.1830725281,0.1108669142
id24221,0.5919671215,0.3097433561,0.0982895225
id04696,0.4920320805,0.1569201737,0.3510477458
id15153,0.2337083777,0.5997096275,0.1665819948
id13882,0.037707699,0.8643456539,0.0979466471
id17836,0.3677882036,0.491653389,0.1405584074
id00574,0.2545019895,0.5756577023,0.1698403082
id02078,0.1804490743,0.4934693354,0.3260815903
id21206,0.3565336177,0.4766024836,0.1668638988
id20084,0.369025695,0.151582569,0.479391736
id26598,0.1022857651,0.1696805411,0.7280336938
id06838,0.2720388139,0.1130468142,0.6149143719
id08786,0.1993992409,0.2178814977,0.5827192614
id09550,0.3017751676,0.1147401744,0.5834846579
id10206,0.7104953487,0.1121629109,0.1773417404
id21113,0.6527996473,0.1516654856,0.1955348672
id21151,0.5797892454,0.2220833248,0.1981274298
id02692,0.8119570188,0.1049392294,0.0831037518
id26446,0.7398897686,0.1501252336,0.1099849979
id07377,0.5342061711,0.3043603327,0.1614334962
id15998,0.5976414409,0.2294343781,0.1729241811
id19637,0.450897218,0.2851796617,0.2639231203
id19735,0.1539883456,0.652207968,0.1938036864
id13739,0.3087189717,0.2139748069,0.4773062214
id25175,0.3703872021,0.255501765,0.374111033
id00563,0.3093813139,0.1938443386,0.4967743475
id09982,0.5064580192,0.135675069,0.3578669118
id15459,0.0963782918,0.8357723664,0.0678493418
id20785,0.0595572473,0.0894910043,0.8509517484
id07145,0.1206921635,0.3027156303,0.5765922062
id22204,0.1954822117,0.6607850078,0.1437327805
id09285,0.6844838545,0.1198887347,0.1956274108
id18157,0.1211629786,0.1238323537,0.7550046676
id12134,0.1068145026,0.0932079783,0.7999775191
id23914,0.8252284898,0.0854154594,0.0893560508
id10483,0.7082935646,0.1916046988,0.1001017366
id07092,0.6743545614,0.136859967,0.1887854716
id14786,0.3501760779,0.3092284106,0.3405955115
id25741,0.4326894826,0.1874403075,0.3798702098
id09050,0.2766577616,0.557108066,0.1662341723
id04938,0.5999417313,0.1645466809,0.2355115878
id05901,0.3263136849,0.3092729444,0.3644133707
id16975,0.1321511696,0.6829655842,0.1848832462
id08547,0.1480115775,0.1429182049,0.7090702176
id16355,0.5878413572,0.1764494154,0.2357092273
id14568,0.6197206812,0.15876698,0.2215123387
id25599,0.1798461256,0.3746221092,0.4455317652
id01670,0.3001056908,0.5555398532,0.144354456
id23945,0.2611650374,0.6469681625,0.0918668001
id17394,0.2142797047,0.1320483253,0.65367197
id06501,0.3641117775,0.4265833494,0.2093048732
id26234,0.3207458856,0.4699959012,0.2092582132
id21280,0.1614745424,0.0379987616,0.8005266961
id20048,0.1562463725,0.2481165128,0.5956371146
id01216,0.2344958696,0.2685567805,0.4969473499
id25320,0.5167502997,0.1651466679,0.3181030323
id22833,0.2884966015,0.1855773942,0.5259260043
id22056,0.2400979228,0.6578109433,0.1020911338
id02275,0.1150814894,0.7148097062,0.1701088043
id26127,0.5087023038,0.1894623648,0.3018353314
id17011,0.1991162253,0.5366008698,0.2642829048
id13847,0.689372666,0.1259586204,0.1846687136
id00013,0.2294407871,0.6510595396,0.1194996734
id16463,0.6199505458,0.1987125581,0.1813368961
id04845,0.3153177278,0.5549859532,0.129696319
id01787,0.2199563684,0.2688386209,0.5112050107
id08637,0.6316277769,0.2066695209,0.1617027022
id11414,0.1804572979,0.0696809147,0.7498617874
id13177,0.2070976883,0.5330216458,0.2598806659
id24517,0.6364893388,0.1904850821,0.1730255791
id26838,0.5156904318,0.191383868,0.2929257003
id23081,0.1249015468,0.7720695449,0.1030289084
id16327,0.3750366438,0.3899285048,0.2350348514
id27282,0.1002309728,0.8145164699,0.0852525572
id07489,0.4758439496,0.2004591169,0.3236969335
